0
1.231042504
2.461918592
3.692627668
4.923173428
6.15354681
7.383755684
8.613799095
9.843672752
11.07337856
12.30291557
13.53228569
14.7614851
15.99051952
17.21938515
18.44808197
19.67660904
20.90496826
22.13315582
23.36117935
24.5890274
25.81670952
27.04421806
28.27156258
29.49873543
30.72573471
31.95256615
33.17922974
34.40572357
35.63204193
36.85819244
38.0841713
39.30997467
40.53561401
41.76107788
42.98636627
44.21149063
45.4364357
46.66121674
47.88582611
49.1102562
50.33451462
51.55860138
52.78252411
54.00625992
55.2298317
56.45322418
57.67645264
58.8995018
60.1223793
61.34507751
62.56760788
63.78995895
65.01213837
66.23414612
67.45597839
68.67762756
69.89911652
71.12042236
72.34156036
73.56251526
74.78330231
76.00389862
77.22433472
78.44459534
79.66467285
80.88456726
82.10430145
83.32385254
84.54322815
85.76242065
86.98143768
88.20028687
89.41895294
90.63744354
91.85575867
93.07389069
94.29184723
95.5096283
96.72723389
97.94464874
99.16191101
100.3789825
101.5958633
102.8125687
104.0291061
105.2454605
106.4616394
107.6776352
108.8934402
110.1090851
111.3245468
112.5398254
113.754921
114.9698334
116.1845779
117.3991394
118.6135178
119.8277054
121.0417328
122.2555618
123.4692154
124.6826859
125.8959885
127.1091003
128.3220215
129.5347748
130.747345
131.9597168
133.1719208
134.3839569
135.5957947
136.8074493
138.0189056
139.2302094
140.4413147
141.6522522
142.8629913
144.0735474
145.2839203
146.4941101
147.7041168
148.9139404
150.1235962
151.3330536
152.5423126
153.7514191
154.9603271
156.1690369
157.3775635
158.5859222
159.7940826
161.0020752
162.2098694
163.4174805
164.6248932
165.8321381
167.0391998
168.246048
169.4527435
170.6592407
171.8655548
173.0716705
174.2776031
175.4833527
176.6889191
177.8943024
179.0994873
180.3044739
181.5092926
182.713913
183.9183655
185.1226044
186.3266754
187.5305481
188.7342377
189.9377441
191.141037
192.3441772
193.5471039
194.7498474
195.9523926
197.1547699
198.3569489
199.5589447
200.7607574
201.9623413
203.1637726
204.3650055
205.56604
206.7668915
207.9675293
209.1680145
210.3683014
211.5683746
212.7682648
213.9679718
215.1674957
216.3668365
217.5659637
218.7649078
219.9636536
221.1622162
222.3605957
223.5587616
224.7567291
225.9545441
227.1521301
228.3495178
229.5467682
230.7437897
231.9406128
233.1372375
234.3336792
235.5299225
236.7259979
237.9218597
239.1175385
240.3129883
241.5082855
242.7033691
243.8982697
245.0929718
246.2874756
247.4817963
248.6759033
249.8698425
251.0635681
252.2571106
253.4504395
254.6435699
255.8365173
257.0292969
258.2218323
259.4141846
260.6063843
261.7983398
262.9901123
264.1817017
265.3730774
266.56427
267.755249
268.9460449
270.1366577
271.3270569
272.5172424
273.7072449
274.8970337
276.0866699
277.2760925
278.4653015
279.6542969
280.8431396
282.0317383
283.2201843
284.4083862
285.5964355
286.7842712
287.9718933
289.1593323
290.3465576
291.5335999
292.7204285
293.907074
295.0935059
296.2797546
297.4657593
298.6516418
299.8372498
301.0227051
302.2079468
303.3929749
304.5778198
305.7624512
306.9468994
308.1311035
309.3151855
310.4990234
311.6826477
312.8660889
314.0493164
315.2323608
316.4151917
317.5978088
318.7802429
319.9624634
321.1444702
322.3262939
323.5079346
324.6893311
325.870575
327.0516052
328.2323914
329.4129944
330.5934143
331.7735901
332.9535828
334.1333923
335.3129578
336.4923401
337.6715698
338.8505554
340.0293274
341.2078857
342.386261
343.5644226
344.7423706
345.920166
347.0977173
348.2750549
349.452179
350.6291199
351.8058777
352.9824219
354.1587524
355.3348389
356.5107727
357.6864624
358.861969
360.0372925
361.2123718
362.3872681
363.5619202
364.7363892
365.9107056
367.0847473
368.258606
369.4322205
370.6056519
371.7789307
372.9519348
374.1247559
375.2973938
376.4698181
377.6419983
378.8139954
379.9857483
381.1573486
382.3287354
383.4998779
384.6708069
385.8415833
387.0121155
388.1824341
389.3525391
390.5224915
391.6921692
392.8616638
394.0309448
395.2000427
396.3688965
397.5375366
398.7060242
399.8742371
401.0422668
402.210083
403.3777161
404.545105
405.7122803
406.879303
408.046051
409.212616
410.3789673
411.545105
412.7109985
413.87677
415.0422363
416.207489
417.3726501
418.5375061
419.7021179
420.8666382
422.0308533
423.1949158
424.3586731
425.5223083
426.68573
427.8488464
429.0118408
430.1746216
431.3371582
432.4994812
433.6615906
434.8234863
435.9852295
437.1466675
438.3079529
439.4690247
440.6298218
441.7904663
442.9508972
444.1111145
445.2710876
446.4308777
447.5904236
448.7497559
449.908905
451.0678101
452.226532
453.3850098
454.5432739
455.7013245
456.8592224
458.0168152
459.1742554
460.3314514
461.4884644
462.6452026
463.8017578
464.9580994
466.1142273
467.2701721
468.4258728
469.5812988
470.7366028
471.8916321
473.0464783
474.2010498
475.3554688
476.5096741
477.6636658
478.8173523
479.9709473
481.1242065
482.2773438
483.4302063
484.5828857
485.735321
486.8875427
488.0395508
489.1913757
490.3429565
491.4943237
492.6454468
493.7963867
494.9470825
496.0976257
497.2478638
498.3979492
499.5477295
500.6973572
501.8467407
502.9959106
504.1448975
505.2936096
506.4421692
507.5904541
508.7385254
509.8864441
511.0340576
512.1815186
513.3286743
514.475647
515.6224976
516.7689819
517.9154053
519.0614624
520.2073364
521.3530273
522.4984131
523.6436768
524.7886963
525.9334106
527.078064
528.2224121
529.3665161
530.510437
531.6541138
532.7976074
533.9407959
535.0838013
536.2266235
537.3692017
538.5115967
539.6536865
540.7956543
541.9372559
543.0787354
544.2200317
545.3610229
546.5018311
547.6424561
548.7827759
549.9228516
551.0627441
552.2024536
553.3419189
554.4812012
555.6201782
556.7590332
557.897583
559.0359497
560.1740112
561.3119507
562.449646
563.5870972
564.7243652
565.8613281
566.9981079
568.1347046
569.2710571
570.4071655
571.5430298
572.6786499
573.8141479
574.9493408
576.0843506
577.2191162
578.3536377
579.4879761
580.6220703
581.7559204
582.8895874
584.0230103
585.1561279
586.2891235
587.421875
588.5543823
589.6866455
590.8187256
591.9505615
593.0821533
594.213562
595.3447266
596.475647
597.6063232
598.7368164
599.8670654
600.9971313
602.1269531
603.2565308
604.3858643
605.5150146
606.6437988
607.7724609
608.9008789
610.0291138
611.1571045
612.2848511
613.4124146
614.5397339
615.666748
616.7935791
617.9202271
619.0466309
620.1727905
621.2987061
622.4243774
623.5498657
624.6751709
625.8001099
626.9249268
628.0494995
629.1738281
630.2979736
631.421814
632.5454712
633.6688843
634.7920532
635.9150391
637.0377808
638.1602783
639.2825317
640.404541
641.5263672
642.6479492
643.7692871
644.8904419
646.0112915
647.131958
648.2523804
649.3726196
650.4926147
651.6123657
652.7318726
653.8511353
654.9701538
656.0889893
657.2075806
658.3259888
659.4440918
660.5619507
661.6796265
662.7970581
663.9142456
665.031189
666.1478882
667.2644653
668.3806763
669.4967651
670.6125488
671.7282104
672.8435059
673.9586182
675.0735474
676.1881714
677.3025513
678.4168091
679.5307007
680.6444092
681.7579346
682.8712158
683.9841919
685.0970459
686.2095337
687.3218994
688.434021
689.5458374
690.6574707
691.7688599
692.8800049
693.9909058
695.1015625
696.2120972
697.3223267
698.432312
699.5420532
700.6516113
701.7608643
702.869873
703.9787598
705.0873413
706.1956787
707.303833
708.4116821
709.5192871
710.626709
711.7339478
712.8408203
713.9476318
715.0540771
716.1602783
717.2662964
718.3720703
719.4776001
720.5829468
721.6879883
722.7927856
723.8973999
725.001709
726.105896
727.2097168
728.3134155
729.4168701
730.5200195
731.6229248
732.725647
733.828125
734.9304199
736.0323486
737.1341553
738.2355957
739.3369141
740.4380493
741.5388184
742.6394043
743.7396851
744.8397827
745.9397583
747.0393677
748.1387329
749.237915
750.336792
751.4355469
752.5339355
753.6321411
754.7301025
755.8278809
756.925415
758.022644
759.1196289
760.2163696
761.3129883
762.4092407
763.5053101
764.6011353
765.6967163
766.7921143
767.887207
768.9820557
770.0767212
771.1711426
772.2653198
773.3591919
774.4528809
775.5463257
776.6395874
777.7324829
778.8252563
779.9177246
781.0100098
782.1019897
783.1937866
784.2853394
785.3766479
786.4676514
787.5584717
788.6490479
789.7393799
790.8294678
791.9193726
793.0089722
794.0983276
795.187439
796.2763672
797.3650513
798.4534302
799.541626
800.6295776
801.7172241
802.8046265
803.8919067
804.9788818
806.0655518
807.1520996
808.2382813
809.3243408
810.4101563
811.4956055
812.5809326
813.6659546
814.7507935
815.8353271
816.9196167
818.0037231
819.0875244
820.1711426
821.2545166
822.3376465
823.4204712
824.5031128
825.5855103
826.6676636
827.7495728
828.8312378
829.9126587
830.9938354
832.0747681
833.1554565
834.2359009
835.3161621
836.3961792
837.475769
838.5553589
839.6345825
840.713501
841.7922363
842.8707886
843.9490356
845.0270996
846.1049194
847.1824341
848.2597656
849.336792
850.4135742
851.4901733
852.5664063
853.6425781
854.7183838
855.7939453
856.8693237
857.944397
859.0192261
860.0938721
861.168335
862.2423706
863.3162842
864.3899536
865.4633179
866.536438
867.609436
868.6820679
869.7545166
870.8266602
871.8984985
872.9703369
874.041687
875.1129761
876.1838379
877.2546387
878.3250122
879.3952637
880.46521
881.5349731
882.6044922
883.673645
884.7426758
885.8114014
886.8798828
887.9481812
889.0161743
890.0839233
891.1514282
892.218811
893.2857666
894.3525391
895.4190674
896.4854126
897.5514526
898.6173096
899.6828613
900.7480469
901.8131714
902.8779907
903.9425659
905.006897
906.0709839
907.1348267
908.1984253
909.2617188
910.3248901
911.3876343
912.4503784
913.5126343
914.5747681
915.6365967
916.6982422
917.7595825
918.8207397
919.8815918
920.9422607
922.0026245
923.0628052
924.1226807
925.182312
926.2416382
927.3009033
928.3596802
929.418335
930.4768066
931.5349121
932.5928955
933.6505127
934.7080078
935.7651367
936.8220215
937.8786011
938.9351196
939.991272
941.0472412
942.1029053
943.1583252
944.213501
945.2684326
946.3231812
947.3775024
948.4317627
949.4857178
950.5394287
951.5928345
952.6460571
953.6990356
954.7516479
955.8041992
956.8563843
957.9083252
958.960083
960.0114746
961.0626831
962.1135864
963.1643677
964.2148438
965.2650757
966.3150024
967.3647461
968.4141846
969.4633789
970.5123291
971.5610962
972.6095581
973.6578369
974.7058105
975.753479
976.8009644
977.8480835
978.8951416
979.9418945
980.9882813
982.0346069
983.0805054
984.1262817
985.1716919
986.2168579
987.2619019
988.3066406
989.3511353
990.3953857
991.4393311
992.4829712
993.5265503
994.5698242
995.6127319
996.6554565
997.697937
998.7401123
999.7821045
1000.823792
1001.865295
1002.906555
1003.94751
1004.988159
1006.028687
1007.06897
1008.108765
1009.14856
1010.18811
1011.227234
1012.266235
1013.304932
1014.343384
1015.381592
1016.419556
1017.457214
1018.494751
1019.531982
1020.568848
1021.605591
1022.642029
1023.678284
1024.714111
1025.749878
1026.785278
1027.820557
1028.855591
1029.890015
1030.924561
1031.95874
1032.992676
1034.026489
1035.059814
1036.093018
1037.125854
1038.158569
1039.19104
1040.223267
1041.255127
1042.286865
1043.318237
1044.349365
1045.380249
1046.410889
1047.441284
1048.471436
1049.501343
1050.531128
1051.560547
1052.5896
1053.618408
1054.647095
1055.675537
1056.703613
1057.731445
1058.759155
1059.786621
1060.813599
1061.840576
1062.867065
1063.893555
1064.919556
1065.945435
1066.971069
1067.99646
1069.021606
1070.046387
1071.071045
1072.095459
1073.119385
1074.143188
1075.166748
1076.190063
1077.213135
1078.236084
1079.258545
1080.280884
1081.302979
1082.324829
1083.346191
1084.367554
1085.388672
1086.409424
1087.429932
1088.450317
1089.470337
1090.490234
1091.509644
1092.528931
1093.547974
1094.566772
1095.585205
1096.603394
1097.62146
1098.63916
1099.656738
1100.67395
1101.690918
1102.707642
1103.724121
1104.740356
1105.756348
1106.772095
1107.787598
1108.802734
1109.817627
1110.832275
1111.846802
1112.860962
1113.874878
1114.888672
1115.9021
1116.915161
1117.928101
1118.940674
1119.953125
1120.965332
1121.977295
1122.988892
1124.000366
1125.011475
1126.022339
1127.032959
1128.043335
1129.053467
1130.063232
1131.072876
1132.082153
1133.091309
1134.100098
1135.108643
1136.117065
1137.125122
1138.132935
1139.140503
1140.147827
1141.154907
1142.161743
1143.168213
1144.174561
1145.180542
1146.186401
1147.191895
1148.197144
1149.202148
1150.206787
1151.211426
1152.215576
1153.219604
1154.223389
1155.226807
1156.230103
1157.233032
1158.23584
1159.238281
1160.240356
1161.24231
1162.244019
1163.245483
1164.246704
1165.247559
1166.248169
1167.248657
1168.248779
1169.248657
1170.248413
1171.247803
1172.246826
1173.245728
1174.244385
1175.242798
1176.240845
1177.238647
1178.236328
1179.233643
1180.230713
1181.227539
1182.224121
1183.220459
1184.216553
1185.21228
1186.207886
1187.203125
1188.19812
1189.192871
1190.1875
1191.181763
1192.175659
1193.169434
1194.162964
1195.15625
1196.14917
1197.141968
1198.134277
1199.126587
1200.11853
1201.110229
1202.101685
1203.092896
1204.08374
1205.074463
1206.064941
1207.055054
1208.044922
1209.034668
1210.024048
1211.013184
1212.002075
1212.990723
1213.979126
1214.967163
1215.955078
1216.942627
1217.929932
1218.916992
1219.903809
1220.890381
1221.876709
1222.862793
1223.848511
1224.834106
1225.819336
1226.804321
1227.789185
1228.773682
1229.758057
1230.741943
1231.725708
1232.709229
1233.692505
1234.675415
1235.658081
1236.640625
1237.622803
1238.604736
1239.586304
1240.567749
1241.54895
1242.529907
1243.51062
1244.491089
1245.471191
1246.45105
1247.430664
1248.410034
1249.38916
1250.36792
1251.346558
1252.324829
1253.302979
1254.28064
1255.258423
1256.235718
1257.212769
1258.189575
1259.166016
1260.142334
1261.118286
1262.094116
1263.06958
1264.044922
1265.019775
1265.994751
1266.969116
1267.943359
1268.917358
1269.890991
1270.864502
1271.837646
1272.810547
1273.783203
1274.755615
1275.727905
1276.699829
1277.671509
1278.642822
1279.614014
1280.584839
1281.555298
1282.525757
1283.495972
1284.465698
1285.435303
1286.404663
1287.373779
1288.342529
1289.311035
1290.279419
1291.247314
1292.21521
1293.182739
1294.150024
1295.117065
1296.08374
1297.050171
1298.016479
1298.982544
1299.948242
1300.913696
1301.878906
1302.843872
1303.808594
1304.772949
1305.737061
1306.70105
1307.664795
1308.628174
1309.591309
1310.554077
1311.516724
1312.479248
1313.441284
1314.403198
1315.364746
1316.32605
1317.287109
1318.247925
1319.208618
1320.168823
1321.128906
1322.088623
1323.048218
1324.007446
1324.966553
1325.925293
1326.883789
1327.842041
1328.800049
1329.75769
1330.71521
1331.672485
1332.629395
1333.586182
1334.54248
1335.498657
1336.454712
1337.4104
1338.365723
1339.320801
1340.275635
1341.230347
1342.184814
1343.138916
1344.092651
1345.046387
1345.999634
1346.952759
1347.90564
1348.858154
1349.810547
1350.762573
1351.714355
1352.665894
1353.617188
1354.568237
1355.518921
1356.469482
1357.4198
1358.369751
1359.319458
1360.268921
1361.21814
1362.167114
1363.115845
1364.064331
1365.012451
1365.960327
1366.908081
1367.855591
1368.802612
1369.749512
1370.696289
1371.6427
1372.588745
1373.534546
1374.480103
1375.425537
1376.370605
1377.31543
1378.26001
1379.204224
1380.148438
1381.092285
1382.035767
1382.979004
1383.922119
1384.864868
1385.807373
1386.749634
1387.691772
1388.633423
1389.574829
1390.516113
1391.457031
1392.397827
1393.338257
1394.278442
1395.218384
1396.158203
1397.097534
1398.036621
1398.975586
1399.914307
1400.852661
1401.790771
1402.728638
1403.666382
1404.603638
1405.540649
1406.477539
1407.414185
1408.350464
1409.286621
1410.222412
1411.157959
1412.093262
1413.028198
1413.963013
1414.897705
1415.831909
1416.765869
1417.699585
1418.633179
1419.566406
1420.49939
1421.432007
1422.364502
1423.296753
1424.22876
1425.1604
1426.091919
1427.023071
1427.953979
1428.884766
1429.815063
1430.745239
1431.675171
1432.604736
1433.534058
1434.463135
1435.392212
1436.320679
1437.249146
1438.177124
1439.105103
1440.032593
1440.959839
1441.887085
1442.813843
1443.740356
1444.666626
1445.592651
1446.518433
1447.44397
1448.369263
1449.294189
1450.218872
1451.143555
1452.067627
1452.991699
1453.915283
1454.838867
1455.761963
1456.684937
1457.607666
1458.530151
1459.452271
1460.374268
1461.295898
1462.217285
1463.13855
1464.059448
1464.97998
1465.900513
1466.820557
1467.740356
1468.659912
1469.579346
1470.498413
1471.417114
1472.335938
1473.25415
1474.172119
1475.090088
1476.007568
1476.924805
1477.841919
1478.758789
1479.675171
1480.591553
1481.507568
1482.423218
1483.338867
1484.254028
1485.168945
1486.083862
1486.998291
1487.912476
1488.826538
1489.740112
1490.653442
1491.566772
1492.479736
1493.392456
1494.304932
1495.216919
1496.128906
1497.040527
1497.951904
1498.863159
1499.774048
1500.68457
1501.594971
1502.505127
1503.414917
1504.324585
1505.233887
1506.142944
1507.05188
1507.960327
1508.868774
1509.776855
1510.684692
1511.592163
1512.499512
1513.406494
1514.313354
1515.219849
1516.126221
1517.032227
1517.937988
1518.843506
1519.748779
1520.653564
1521.558472
1522.463013
1523.36731
1524.271118
1525.174805
1526.078369
1526.981567
1527.884521
1528.787231
1529.689697
1530.591919
1531.493774
1532.395386
1533.296875
1534.197998
1535.098999
1535.999512
1536.899902
1537.800171
1538.700073
1539.599609
1540.499023
1541.398071
1542.297119
1543.195679
1544.094116
1544.992065
1545.889893
1546.787598
1547.684937
1548.582031
1549.478882
1550.375244
1551.271729
1552.167725
1553.063599
1553.959106
1554.85437
1555.749512
1556.644165
1557.538818
1558.432983
1559.327148
1560.220825
1561.114258
1562.007568
1562.900635
1563.793457
1564.685913
1565.578247
1566.470093
1567.361694
1568.253296
1569.144531
1570.035522
1570.92627
1571.816772
1572.706909
1573.596924
1574.486572
1575.375977
1576.265259
1577.154053
1578.042847
1578.931274
1579.819458
1580.707275
1581.595093
1582.482422
1583.369507
1584.256592
1585.143188
1586.029541
1586.915649
1587.801636
1588.687256
1589.572632
1590.457764
1591.342651
1592.227173
1593.111572
1593.995728
1594.879639
1595.763184
1596.646606
1597.529663
1598.412476
1599.295166
1600.177368
1601.05957
1601.941284
1602.822998
1603.704224
1604.585449
1605.466187
1606.346802
1607.227173
1608.107056
1608.986938
1609.866455
1610.74585
1611.624878
1612.503784
1613.382202
1614.260498
1615.13855
1616.016479
1616.893921
1617.77124
1618.648315
1619.525024
1620.401489
1621.277832
1622.153809
1623.029663
1623.905151
1624.780396
1625.655396
1626.530273
1627.404663
1628.279053
1629.152954
1630.026733
1630.900146
1631.773438
1632.646362
1633.519287
1634.391602
1635.264038
1636.135864
1637.00769
1637.87915
1638.750488
1639.621338
1640.492065
1641.362549
1642.232788
1643.102783
1643.972534
1644.841919
1645.711182
1646.5802
1647.448975
1648.317505
1649.185669
1650.053589
1650.921265
1651.788818
1652.655884
1653.522949
1654.389648
1655.256226
1656.122314
1656.988403
1657.854004
1658.719604
1659.584595
1660.449585
1661.314209
1662.178833
1663.042969
1663.907104
1664.77063
1665.634155
1666.497314
1667.360229
1668.223022
1669.085449
1669.947754
1670.80957
1671.671387
1672.532837
1673.393921
1674.254883
1675.115601
1675.976074
1676.836182
1677.696167
1678.555908
1679.415405
1680.274658
1681.133545
1681.992432
1682.850708
1683.708984
1684.566895
1685.424561
1686.282227
1687.13916
1687.996338
1688.853027
1689.709473
1690.565674
1691.421509
1692.277466
1693.132813
1693.988159
1694.842896
1695.697754
1696.552124
1697.406494
1698.260376
1699.114136
1699.967651
1700.820923
1701.673828
1702.526489
1703.378906
1704.231201
1705.083252
1705.935059
1706.786499
1707.637817
1708.48877
1709.339478
1710.190063
1711.040161
1711.890259
1712.73999
1713.589478
1714.438843
1715.28772
1716.136475
1716.985107
1717.833252
1718.681274
1719.529297
1720.376709
1721.223877
1722.071045
1722.917847
1723.764404
1724.610474
1725.456665
1726.302368
1727.147949
1727.993408
1728.838257
1729.683105
1730.52771
1731.37207
1732.216064
1733.059814
1733.903442
1734.746826
1735.589844
1736.432861
1737.275269
1738.117676
1738.959839
1739.801636
1740.643311
1741.484497
1742.325684
1743.166626
1744.007202
1744.847534
1745.687622
1746.527466
1747.367065
1748.206665
1749.045776
1749.884644
1750.723389
1751.561768
1752.399902
1753.237793
1754.075317
1754.912842
1755.750122
1756.587036
1757.423706
1758.260254
1759.096436
1759.932373
1760.767944
1761.603516
1762.438843
1763.273682
1764.108398
1764.942993
1765.777222
1766.611206
1767.444946
1768.27832
1769.111694
1769.944824
1770.777588
1771.610107
1772.442505
1773.274292
1774.106323
1774.937866
1775.768921
1776.60022
1777.430908
1778.261597
1779.092041
1779.921997
1780.752075
1781.581543
1782.410889
1783.240112
1784.068848
1784.897461
1785.725952
1786.553955
1787.38208
1788.209717
1789.036987
1789.864258
1790.691284
1791.517822
1792.344482
1793.170654
1793.996582
1794.822266
1795.647705
1796.473022
1797.297974
1798.122803
1798.947266
1799.771484
1800.595459
1801.419434
1802.243042
1803.066284
1803.889282
1804.71228
1805.534546
1806.357056
1807.179199
1808.000977
1808.822754
1809.644043
1810.465088
1811.285889
1812.106689
1812.927124
1813.747192
1814.567261
1815.386841
1816.206299
1817.025513
1817.844482
1818.663208
1819.481812
1820.300049
1821.118042
1821.935791
1822.753174
1823.570557
1824.387695
1825.204468
1826.020874
1826.83728
1827.653442
1828.469238
1829.284668
1830.100342
1830.915283
1831.730225
1832.5448
1833.359375
1834.173584
1834.987183
1835.801025
1836.61438
1837.427856
1838.240723
1839.053345
1839.865967
1840.678223
1841.490112
1842.30188
1843.113525
1843.924805
1844.735962
1845.546753
1846.357422
1847.167603
1847.977783
1848.787598
1849.59729
1850.406738
1851.21582
1852.02478
1852.833374
1853.641846
1854.450195
1855.258057
1856.065796
1856.873291
1857.680542
1858.487549
1859.294434
1860.100952
1860.907227
1861.713257
1862.519043
1863.324829
1864.130127
1864.935181
1865.73999
1866.544678
1867.349243
1868.15332
1868.957275
1869.760864
1870.564453
1871.367798
1872.170654
1872.973511
1873.776001
1874.578247
1875.380371
1876.182251
1876.983765
1877.785034
1878.586304
1879.387207
1880.187744
1880.988037
1881.788452
1882.588379
1883.387939
1884.1875
1884.986572
1885.785645
1886.584351
1887.382935
1888.181396
1888.979248
1889.777222
1890.574829
1891.37207
1892.169312
1892.966187
1893.762817
1894.559204
1895.355347
1896.151489
1896.947021
1897.742554
1898.537842
1899.332886
1900.127686
1900.922363
1901.716431
1902.510498
1903.304565
1904.098145
1904.891479
1905.684692
1906.477417
1907.270264
1908.062744
1908.855103
1909.646973
1910.438843
1911.230103
1912.021484
1912.8125
1913.603394
1914.394043
1915.184326
1915.974609
1916.764404
1917.554199
1918.343506
1919.132813
1919.921875
1920.710449
1921.499023
1922.287354
1923.075439
1923.863159
1924.650879
1925.43811
1926.22522
1927.012207
1927.79895
1928.585205
1929.371582
1930.157471
1930.943115
1931.72876
1932.514038
1933.299072
1934.083984
1934.86853
1935.652954
1936.437012
1937.220947
1938.004517
1938.788086
1939.571289
1940.354248
1941.137085
1941.919678
1942.701904
1943.483887
1944.265747
1945.047485
1945.828857
1946.609863
1947.390869
1948.171753
1948.952026
1949.7323
1950.512207
1951.292114
1952.071655
1952.851196
1953.630127
1954.409058
1955.187744
1955.966187
1956.744263
1957.522217
1958.300049
1959.077515
1959.854858
1960.631836
1961.408691
1962.185303
1962.96167
1963.737793
1964.513916
1965.289551
1966.065063
1966.840332
1967.615356
1968.390015
1969.164673
1969.938965
1970.713013
1971.486938
1972.26062
1973.034058
1973.807373
1974.580322
1975.353027
1976.125732
1976.898071
1977.670044
1978.441772
1979.213501
1979.984863
1980.756104
1981.5271
1982.297852
1983.068359
1983.838745
1984.608887
1985.37854
1986.148315
1986.917603
1987.686768
1988.455688
1989.224487
1989.993042
1990.761108
1991.529297
1992.297119
1993.064697
1993.832031
1994.599243
1995.366211
1996.133057
1996.899414
1997.665649
1998.431641
1999.197388
1999.963013
2000.728394
2001.493652
2002.258667
2003.023315
2003.787842
2004.552124
2005.316162
2006.079956
2006.843506
2007.606934
2008.370239
2009.133057
2009.895752
2010.658203
2011.42041
2012.182617
2012.944458
2013.705933
2014.467407
2015.228638
2015.989502
2016.750366
2017.510864
2018.271118
2019.031128
2019.791016
2020.550659
2021.310181
2022.069214
2022.828369
2023.587036
2024.345459
2025.104004
2025.862061
2026.619995
2027.377441
2028.134888
2028.892212
2029.649048
2030.406006
2031.162476
2031.918823
2032.674927
2033.430786
2034.186523
2034.942017
2035.697144
2036.452271
2037.207031
2037.961792
2038.716064
2039.470215
2040.224243
2040.977905
2041.731445
2042.484863
2043.237793
2043.990723
2044.74353
2045.49585
2046.248047
2047
